#
#
#  Percent Identity  Matrix - created by Clustal2.1
#
#
     1: gi|15230595|ref|NP_187884.1|      100.00   48.61   49.12   48.61   48.61   46.46   50.00   51.51   50.76
     2: gi|47087077|ref|NP_998552.1|       48.61  100.00   88.25   88.01   88.25   68.67   69.95   63.61   66.18
     3: gi|4505763|ref|NP_000282.1|        49.12   88.25  100.00   97.84   97.36   70.12   72.60   65.78   67.15
     4: gi|70778976|ref|NP_032854.2|       48.61   88.01   97.84  100.00   99.28   69.88   72.60   64.82   66.43
     5: gi|40254752|ref|NP_445743.2|       48.61   88.25   97.36   99.28  100.00   70.36   72.84   64.82   66.43
     6: gi|442625541|ref|NP_001259958.1|   46.46   68.67   70.12   69.88   70.36  100.00   72.05   62.56   63.68
     7: gi|17508823|ref|NP_491245.1|       50.00   69.95   72.60   72.60   72.84   72.05  100.00   66.83   67.63
     8: gi|10383781|ref|NP_009938.2|       51.51   63.61   65.78   64.82   64.82   62.56   66.83  100.00   68.60
     9: gi|19113522|ref|NP_596730.1|       50.76   66.18   67.15   66.43   66.43   63.68   67.63   68.60  100.00
